{
 "cells": [
  {
   "cell_type": "markdown",
   "id": "67c33f49",
   "metadata": {},
   "source": [
    "## Задачи с типами данных"
   ]
  },
  {
   "cell_type": "markdown",
   "id": "94e9a205",
   "metadata": {},
   "source": [
    "**1. Напишите программу, которая будет запрашивать у пользователя его любимые фильмы или сериалы в виде словаря, затем в виде другого словаря внутрь необходимо передать название, год выпуска, имя режиссера и имя главного героя.**"
   ]
  },
  {
   "cell_type": "markdown",
   "id": "c891251c",
   "metadata": {},
   "source": [
    "Пример данных в программе:\n",
    "```\n",
    "Введите информацию о первом фильме:\n",
    "Название: Зеленая миля\n",
    "Год выпуска: 1999\n",
    "Режиссер: Фрэнк Дарабонт\n",
    "Главный герой: Пол Эджкомб\n",
    "\n",
    "Введите информацию о втором фильме:\n",
    "Название: Криминальное чтиво\n",
    "Год выпуска: 1994\n",
    "Режиссер: Квентин Тарантино\n",
    "Главный герой: Винсент Вега\n",
    "\n",
    "Введите информацию о своем любимом сериале:\n",
    "Название: Игра престолов\n",
    "Год выпуска: 2011\n",
    "Режиссер: Дэвид Бениофф\n",
    "Главные герои: Джон Сноу, Ария Старк, Тирион Ланнистер\n",
    "```"
   ]
  },
  {
   "cell_type": "code",
   "execution_count": 20,
   "id": "ce7ea597",
   "metadata": {},
   "outputs": [
    {
     "name": "stdout",
     "output_type": "stream",
     "text": [
      "Введите информацию фильме: \n",
      "\n",
      "Названиеукеке\n",
      "Год выпуска:123\n",
      "Режиссер:пыавп\n",
      "Главный герой:куцп\n",
      "Если не хотите больше вводить, напишите 0:0\n",
      "{1: {'Название': 'укеке', 'Год выпуска': '123', 'Режиссер': 'пыавп', 'Главный герой': 'куцп'}}\n"
     ]
    }
   ],
   "source": [
    "#не уверен что правильно понял задание\n",
    "dict_ = {}\n",
    "i = 0\n",
    "a = ''\n",
    "while a != '0':\n",
    "    i += 1\n",
    "    print('Введите информацию фильме: \\n')\n",
    "    n = input('Название')\n",
    "    y = input('Год выпуска:')\n",
    "    r = input('Режиссер:')\n",
    "    g = input('Главный герой:')\n",
    "    dict_[i] = {'Название': n, 'Год выпуска': y, 'Режиссер': r, 'Главный герой': g,}\n",
    "    a = input('Если не хотите больше вводить, напишите 0:')\n",
    "print(dict_)\n"
   ]
  },
  {
   "cell_type": "markdown",
   "id": "12a5a06b",
   "metadata": {},
   "source": [
    "## Условный оператор if...else"
   ]
  },
  {
   "cell_type": "markdown",
   "id": "230cbdb2",
   "metadata": {},
   "source": [
    "**2. Напишите программу, которая на вход будет получать количество отработанных часов сотрудника и показатель производительности (воспользуйтесь методом `input`, изучите его самостоятельно, он предназначен для того, чтобы значения в него закладывались после выполнения ячейки с кодом). Количество отработанных часов должно быть не менее 40, а показатель производительности положительным, в случае удовлетворения необходимо посчитать эффективность работы сотрудника перемножив `время` * `производительность`, иначе же необходимо вывести замечание сотруднику**"
   ]
  },
  {
   "cell_type": "markdown",
   "id": "dd4da58f",
   "metadata": {},
   "source": [
    "Пример результата:"
   ]
  },
  {
   "cell_type": "markdown",
   "id": "eeddc572",
   "metadata": {},
   "source": [
    "```\n",
    "Введите количество отработанных часов: 42\n",
    "Введите показатель производительности: 5\n",
    "Эффективность работы сотрудника составляет 210.0 единиц в час\n",
    "```\n",
    "```\n",
    "Введите количество отработанных часов: 38\n",
    "Введите показатель производительности: 5\n",
    "Количество часов должно быть больше 40\n",
    "```"
   ]
  },
  {
   "cell_type": "code",
   "execution_count": 8,
   "id": "ba36355b",
   "metadata": {},
   "outputs": [
    {
     "name": "stdout",
     "output_type": "stream",
     "text": [
      "Введите количество отработанных часов:45 \n",
      "Введите показатель производительности:-5\n",
      "Плохо работаете, уважаемый\n"
     ]
    }
   ],
   "source": [
    "def is_number (str_):\n",
    "    try:\n",
    "        float(str_)\n",
    "        return True\n",
    "    except:\n",
    "        return False\n",
    "a = input('Введите количество отработанных часов:')\n",
    "while not is_number(a):\n",
    "    print(f'Вы ввели не число.')\n",
    "    a = input(\"Введите количество отработанных часов:\")\n",
    "\n",
    "b = input('Введите показатель производительности:')\n",
    "while not is_number(b):\n",
    "    print(f'Вы ввели не число.')\n",
    "    b = input(\"Введите показатель производительности:\")\n",
    "if int(a) >= 40 and int(b) > 0:\n",
    "    print(f'Эффективность работы сотрудника составляет {int(a) * int(b)} единиц в час')\n",
    "else: \n",
    "    print('Плохо работаете, уважаемый')    \n"
   ]
  },
  {
   "cell_type": "markdown",
   "id": "5be4d9fe",
   "metadata": {},
   "source": [
    "##  Цикл For"
   ]
  },
  {
   "cell_type": "markdown",
   "id": "04cbf8b6",
   "metadata": {},
   "source": [
    "**3. Напишите программу, которая после выполнения выдает список значений, удовлетворяющих теореме Пифагора (Переберите все возможные комбинации, где сумма всех чисел будет меньше 50)**"
   ]
  },
  {
   "cell_type": "code",
   "execution_count": 9,
   "id": "bb7f3590",
   "metadata": {},
   "outputs": [
    {
     "name": "stdout",
     "output_type": "stream",
     "text": [
      "[1, 1, 1.41]\n",
      "[1, 2, 2.24]\n",
      "[1, 3, 3.16]\n",
      "[1, 4, 4.12]\n",
      "[1, 5, 5.1]\n",
      "[1, 6, 6.08]\n",
      "[1, 7, 7.07]\n",
      "[1, 8, 8.06]\n",
      "[1, 9, 9.06]\n",
      "[1, 10, 10.05]\n",
      "[1, 11, 11.05]\n",
      "[1, 12, 12.04]\n",
      "[1, 13, 13.04]\n",
      "[1, 14, 14.04]\n",
      "[1, 15, 15.03]\n",
      "[1, 16, 16.03]\n",
      "[1, 17, 17.03]\n",
      "[1, 18, 18.03]\n",
      "[1, 19, 19.03]\n",
      "[1, 20, 20.02]\n",
      "[1, 21, 21.02]\n",
      "[1, 22, 22.02]\n",
      "[1, 23, 23.02]\n",
      "[1, 24, 24.02]\n",
      "[2, 1, 2.24]\n",
      "[2, 2, 2.83]\n",
      "[2, 3, 3.61]\n",
      "[2, 4, 4.47]\n",
      "[2, 5, 5.39]\n",
      "[2, 6, 6.32]\n",
      "[2, 7, 7.28]\n",
      "[2, 8, 8.25]\n",
      "[2, 9, 9.22]\n",
      "[2, 10, 10.2]\n",
      "[2, 11, 11.18]\n",
      "[2, 12, 12.17]\n",
      "[2, 13, 13.15]\n",
      "[2, 14, 14.14]\n",
      "[2, 15, 15.13]\n",
      "[2, 16, 16.12]\n",
      "[2, 17, 17.12]\n",
      "[2, 18, 18.11]\n",
      "[2, 19, 19.1]\n",
      "[2, 20, 20.1]\n",
      "[2, 21, 21.1]\n",
      "[2, 22, 22.09]\n",
      "[2, 23, 23.09]\n",
      "[3, 1, 3.16]\n",
      "[3, 2, 3.61]\n",
      "[3, 3, 4.24]\n",
      "[3, 4, 5.0]\n",
      "[3, 5, 5.83]\n",
      "[3, 6, 6.71]\n",
      "[3, 7, 7.62]\n",
      "[3, 8, 8.54]\n",
      "[3, 9, 9.49]\n",
      "[3, 10, 10.44]\n",
      "[3, 11, 11.4]\n",
      "[3, 12, 12.37]\n",
      "[3, 13, 13.34]\n",
      "[3, 14, 14.32]\n",
      "[3, 15, 15.3]\n",
      "[3, 16, 16.28]\n",
      "[3, 17, 17.26]\n",
      "[3, 18, 18.25]\n",
      "[3, 19, 19.24]\n",
      "[3, 20, 20.22]\n",
      "[3, 21, 21.21]\n",
      "[3, 22, 22.2]\n",
      "[3, 23, 23.19]\n",
      "[4, 1, 4.12]\n",
      "[4, 2, 4.47]\n",
      "[4, 3, 5.0]\n",
      "[4, 4, 5.66]\n",
      "[4, 5, 6.4]\n",
      "[4, 6, 7.21]\n",
      "[4, 7, 8.06]\n",
      "[4, 8, 8.94]\n",
      "[4, 9, 9.85]\n",
      "[4, 10, 10.77]\n",
      "[4, 11, 11.7]\n",
      "[4, 12, 12.65]\n",
      "[4, 13, 13.6]\n",
      "[4, 14, 14.56]\n",
      "[4, 15, 15.52]\n",
      "[4, 16, 16.49]\n",
      "[4, 17, 17.46]\n",
      "[4, 18, 18.44]\n",
      "[4, 19, 19.42]\n",
      "[4, 20, 20.4]\n",
      "[4, 21, 21.38]\n",
      "[4, 22, 22.36]\n",
      "[5, 1, 5.1]\n",
      "[5, 2, 5.39]\n",
      "[5, 3, 5.83]\n",
      "[5, 4, 6.4]\n",
      "[5, 5, 7.07]\n",
      "[5, 6, 7.81]\n",
      "[5, 7, 8.6]\n",
      "[5, 8, 9.43]\n",
      "[5, 9, 10.3]\n",
      "[5, 10, 11.18]\n",
      "[5, 11, 12.08]\n",
      "[5, 12, 13.0]\n",
      "[5, 13, 13.93]\n",
      "[5, 14, 14.87]\n",
      "[5, 15, 15.81]\n",
      "[5, 16, 16.76]\n",
      "[5, 17, 17.72]\n",
      "[5, 18, 18.68]\n",
      "[5, 19, 19.65]\n",
      "[5, 20, 20.62]\n",
      "[5, 21, 21.59]\n",
      "[5, 22, 22.56]\n",
      "[6, 1, 6.08]\n",
      "[6, 2, 6.32]\n",
      "[6, 3, 6.71]\n",
      "[6, 4, 7.21]\n",
      "[6, 5, 7.81]\n",
      "[6, 6, 8.49]\n",
      "[6, 7, 9.22]\n",
      "[6, 8, 10.0]\n",
      "[6, 9, 10.82]\n",
      "[6, 10, 11.66]\n",
      "[6, 11, 12.53]\n",
      "[6, 12, 13.42]\n",
      "[6, 13, 14.32]\n",
      "[6, 14, 15.23]\n",
      "[6, 15, 16.16]\n",
      "[6, 16, 17.09]\n",
      "[6, 17, 18.03]\n",
      "[6, 18, 18.97]\n",
      "[6, 19, 19.92]\n",
      "[6, 20, 20.88]\n",
      "[6, 21, 21.84]\n",
      "[7, 1, 7.07]\n",
      "[7, 2, 7.28]\n",
      "[7, 3, 7.62]\n",
      "[7, 4, 8.06]\n",
      "[7, 5, 8.6]\n",
      "[7, 6, 9.22]\n",
      "[7, 7, 9.9]\n",
      "[7, 8, 10.63]\n",
      "[7, 9, 11.4]\n",
      "[7, 10, 12.21]\n",
      "[7, 11, 13.04]\n",
      "[7, 12, 13.89]\n",
      "[7, 13, 14.76]\n",
      "[7, 14, 15.65]\n",
      "[7, 15, 16.55]\n",
      "[7, 16, 17.46]\n",
      "[7, 17, 18.38]\n",
      "[7, 18, 19.31]\n",
      "[7, 19, 20.25]\n",
      "[7, 20, 21.19]\n",
      "[8, 1, 8.06]\n",
      "[8, 2, 8.25]\n",
      "[8, 3, 8.54]\n",
      "[8, 4, 8.94]\n",
      "[8, 5, 9.43]\n",
      "[8, 6, 10.0]\n",
      "[8, 7, 10.63]\n",
      "[8, 8, 11.31]\n",
      "[8, 9, 12.04]\n",
      "[8, 10, 12.81]\n",
      "[8, 11, 13.6]\n",
      "[8, 12, 14.42]\n",
      "[8, 13, 15.26]\n",
      "[8, 14, 16.12]\n",
      "[8, 15, 17.0]\n",
      "[8, 16, 17.89]\n",
      "[8, 17, 18.79]\n",
      "[8, 18, 19.7]\n",
      "[8, 19, 20.62]\n",
      "[8, 20, 21.54]\n",
      "[9, 1, 9.06]\n",
      "[9, 2, 9.22]\n",
      "[9, 3, 9.49]\n",
      "[9, 4, 9.85]\n",
      "[9, 5, 10.3]\n",
      "[9, 6, 10.82]\n",
      "[9, 7, 11.4]\n",
      "[9, 8, 12.04]\n",
      "[9, 9, 12.73]\n",
      "[9, 10, 13.45]\n",
      "[9, 11, 14.21]\n",
      "[9, 12, 15.0]\n",
      "[9, 13, 15.81]\n",
      "[9, 14, 16.64]\n",
      "[9, 15, 17.49]\n",
      "[9, 16, 18.36]\n",
      "[9, 17, 19.24]\n",
      "[9, 18, 20.12]\n",
      "[9, 19, 21.02]\n",
      "[10, 1, 10.05]\n",
      "[10, 2, 10.2]\n",
      "[10, 3, 10.44]\n",
      "[10, 4, 10.77]\n",
      "[10, 5, 11.18]\n",
      "[10, 6, 11.66]\n",
      "[10, 7, 12.21]\n",
      "[10, 8, 12.81]\n",
      "[10, 9, 13.45]\n",
      "[10, 10, 14.14]\n",
      "[10, 11, 14.87]\n",
      "[10, 12, 15.62]\n",
      "[10, 13, 16.4]\n",
      "[10, 14, 17.2]\n",
      "[10, 15, 18.03]\n",
      "[10, 16, 18.87]\n",
      "[10, 17, 19.72]\n",
      "[10, 18, 20.59]\n",
      "[11, 1, 11.05]\n",
      "[11, 2, 11.18]\n",
      "[11, 3, 11.4]\n",
      "[11, 4, 11.7]\n",
      "[11, 5, 12.08]\n",
      "[11, 6, 12.53]\n",
      "[11, 7, 13.04]\n",
      "[11, 8, 13.6]\n",
      "[11, 9, 14.21]\n",
      "[11, 10, 14.87]\n",
      "[11, 11, 15.56]\n",
      "[11, 12, 16.28]\n",
      "[11, 13, 17.03]\n",
      "[11, 14, 17.8]\n",
      "[11, 15, 18.6]\n",
      "[11, 16, 19.42]\n",
      "[11, 17, 20.25]\n",
      "[12, 1, 12.04]\n",
      "[12, 2, 12.17]\n",
      "[12, 3, 12.37]\n",
      "[12, 4, 12.65]\n",
      "[12, 5, 13.0]\n",
      "[12, 6, 13.42]\n",
      "[12, 7, 13.89]\n",
      "[12, 8, 14.42]\n",
      "[12, 9, 15.0]\n",
      "[12, 10, 15.62]\n",
      "[12, 11, 16.28]\n",
      "[12, 12, 16.97]\n",
      "[12, 13, 17.69]\n",
      "[12, 14, 18.44]\n",
      "[12, 15, 19.21]\n",
      "[12, 16, 20.0]\n",
      "[12, 17, 20.81]\n",
      "[13, 1, 13.04]\n",
      "[13, 2, 13.15]\n",
      "[13, 3, 13.34]\n",
      "[13, 4, 13.6]\n",
      "[13, 5, 13.93]\n",
      "[13, 6, 14.32]\n",
      "[13, 7, 14.76]\n",
      "[13, 8, 15.26]\n",
      "[13, 9, 15.81]\n",
      "[13, 10, 16.4]\n",
      "[13, 11, 17.03]\n",
      "[13, 12, 17.69]\n",
      "[13, 13, 18.38]\n",
      "[13, 14, 19.1]\n",
      "[13, 15, 19.85]\n",
      "[13, 16, 20.62]\n",
      "[14, 1, 14.04]\n",
      "[14, 2, 14.14]\n",
      "[14, 3, 14.32]\n",
      "[14, 4, 14.56]\n",
      "[14, 5, 14.87]\n",
      "[14, 6, 15.23]\n",
      "[14, 7, 15.65]\n",
      "[14, 8, 16.12]\n",
      "[14, 9, 16.64]\n",
      "[14, 10, 17.2]\n",
      "[14, 11, 17.8]\n",
      "[14, 12, 18.44]\n",
      "[14, 13, 19.1]\n",
      "[14, 14, 19.8]\n",
      "[14, 15, 20.52]\n",
      "[15, 1, 15.03]\n",
      "[15, 2, 15.13]\n",
      "[15, 3, 15.3]\n",
      "[15, 4, 15.52]\n",
      "[15, 5, 15.81]\n",
      "[15, 6, 16.16]\n",
      "[15, 7, 16.55]\n",
      "[15, 8, 17.0]\n",
      "[15, 9, 17.49]\n",
      "[15, 10, 18.03]\n",
      "[15, 11, 18.6]\n",
      "[15, 12, 19.21]\n",
      "[15, 13, 19.85]\n",
      "[15, 14, 20.52]\n",
      "[16, 1, 16.03]\n",
      "[16, 2, 16.12]\n",
      "[16, 3, 16.28]\n",
      "[16, 4, 16.49]\n",
      "[16, 5, 16.76]\n",
      "[16, 6, 17.09]\n",
      "[16, 7, 17.46]\n",
      "[16, 8, 17.89]\n",
      "[16, 9, 18.36]\n",
      "[16, 10, 18.87]\n",
      "[16, 11, 19.42]\n",
      "[16, 12, 20.0]\n",
      "[16, 13, 20.62]\n",
      "[17, 1, 17.03]\n",
      "[17, 2, 17.12]\n",
      "[17, 3, 17.26]\n",
      "[17, 4, 17.46]\n",
      "[17, 5, 17.72]\n",
      "[17, 6, 18.03]\n",
      "[17, 7, 18.38]\n",
      "[17, 8, 18.79]\n",
      "[17, 9, 19.24]\n",
      "[17, 10, 19.72]\n",
      "[17, 11, 20.25]\n",
      "[17, 12, 20.81]\n",
      "[18, 1, 18.03]\n",
      "[18, 2, 18.11]\n",
      "[18, 3, 18.25]\n",
      "[18, 4, 18.44]\n",
      "[18, 5, 18.68]\n",
      "[18, 6, 18.97]\n",
      "[18, 7, 19.31]\n",
      "[18, 8, 19.7]\n",
      "[18, 9, 20.12]\n",
      "[18, 10, 20.59]\n",
      "[19, 1, 19.03]\n",
      "[19, 2, 19.1]\n",
      "[19, 3, 19.24]\n",
      "[19, 4, 19.42]\n",
      "[19, 5, 19.65]\n",
      "[19, 6, 19.92]\n",
      "[19, 7, 20.25]\n",
      "[19, 8, 20.62]\n",
      "[19, 9, 21.02]\n",
      "[20, 1, 20.02]\n",
      "[20, 2, 20.1]\n",
      "[20, 3, 20.22]\n",
      "[20, 4, 20.4]\n",
      "[20, 5, 20.62]\n",
      "[20, 6, 20.88]\n",
      "[20, 7, 21.19]\n",
      "[20, 8, 21.54]\n",
      "[21, 1, 21.02]\n",
      "[21, 2, 21.1]\n",
      "[21, 3, 21.21]\n",
      "[21, 4, 21.38]\n",
      "[21, 5, 21.59]\n",
      "[21, 6, 21.84]\n",
      "[22, 1, 22.02]\n",
      "[22, 2, 22.09]\n",
      "[22, 3, 22.2]\n",
      "[22, 4, 22.36]\n",
      "[22, 5, 22.56]\n",
      "[23, 1, 23.02]\n",
      "[23, 2, 23.09]\n",
      "[23, 3, 23.19]\n",
      "[24, 1, 24.02]\n"
     ]
    }
   ],
   "source": [
    "import math\n",
    "for a in range(1, 50):\n",
    "    for b in range(1, 50):\n",
    "        c = round(math.sqrt(a**2 + b**2), 2)\n",
    "        if (a + b + c) < 50:\n",
    "            list_ = [a, b, c]\n",
    "            print(list_)\n",
    "        else:\n",
    "             break"
   ]
  },
  {
   "cell_type": "markdown",
   "id": "1a3a722c",
   "metadata": {},
   "source": [
    "##  Функции"
   ]
  },
  {
   "cell_type": "markdown",
   "id": "698f1fa3",
   "metadata": {},
   "source": [
    "**4. Напишите функцию для поиска наименьшего общего кратного (НОК) двух чисел. Функция должна принимать на вход два параметра и возвращать наименьшее общее кратное этих чисел**"
   ]
  },
  {
   "cell_type": "code",
   "execution_count": 19,
   "id": "c3481833",
   "metadata": {},
   "outputs": [
    {
     "name": "stdout",
     "output_type": "stream",
     "text": [
      "42\n"
     ]
    }
   ],
   "source": [
    "def nok (a, b):\n",
    "    if a < b:\n",
    "        i = b\n",
    "    else:\n",
    "        i = a\n",
    "    while True:\n",
    "        if i % a == 0 and i % b == 0:\n",
    "            break\n",
    "        else:\n",
    "            i += 1\n",
    "\n",
    "    return i\n",
    "\n",
    "print(nok(14,6))\n",
    "        "
   ]
  },
  {
   "cell_type": "code",
   "execution_count": 18,
   "id": "1db913e7",
   "metadata": {},
   "outputs": [
    {
     "name": "stdout",
     "output_type": "stream",
     "text": [
      "42\n"
     ]
    }
   ],
   "source": [
    "#хотя уже есть встроенная функция\n",
    "import math\n",
    "\n",
    "print(math.lcm(14, 6))"
   ]
  },
  {
   "cell_type": "code",
   "execution_count": null,
   "id": "bf5179cf",
   "metadata": {},
   "outputs": [],
   "source": []
  }
 ],
 "metadata": {
  "kernelspec": {
   "display_name": "Python 3 (ipykernel)",
   "language": "python",
   "name": "python3"
  },
  "language_info": {
   "codemirror_mode": {
    "name": "ipython",
    "version": 3
   },
   "file_extension": ".py",
   "mimetype": "text/x-python",
   "name": "python",
   "nbconvert_exporter": "python",
   "pygments_lexer": "ipython3",
   "version": "3.10.9"
  }
 },
 "nbformat": 4,
 "nbformat_minor": 5
}
